200.0 7.0
0.0 0.0 0.0 0.0 0.0 0.0 0.0
0.1 0.0 0.0 0.0 0.0 0.0 0.0
0.2 0.0 0.0 0.0 0.0 0.0 0.0
0.5 0.0 0.0 0.0 0.0 0.0 0.0
1.0 0.0 0.0 0.0 0.0 0.0 0.0
3.0 0.0 0.0 0.0 0.0 0.0 0.0
10.0 0.0 0.0 0.0 0.0 0.0 0.0
20.0 0.0 0.0 0.0 0.0 0.0 0.0
50.0 0.0 0.0 0.0 0.0 0.0 0.0
100.0 0.0 0.2 0.0 0.0 0.0 0.0
150.0 -0.3 0.0 0.0 0.0 0.0 -0.2
200.0 0.0 0.0 0.0 0.0 0.0 0.2
250.0 0.0 0.0 0.0 0.0 0.0 0.0
300.0 0.0 0.0 0.3 0.0 -0.2 0.0
350.0 0.0 0.0 0.6 0.0 0.0 0.0
400.0 0.0 -0.1 0.0 -0.9 0.2 0.0
450.0 0.0 0.0 0.8 0.0 -0.3 0.0
500.0 0.0 0.0 0.8 0.0 0.0 0.0
550.0 0.0 0.2 0.0 -0.9 0.3 0.0
600.0 0.0 0.0 0.2 0.0 -0.1 0.0
650.0 0.0 0.0 0.7 0.0 -0.2 0.0
700.0 0.0 0.0 0.0 0.0 0.3 0.0
750.0 0.2 0.0 0.0 0.0 0.0 0.1
800.0 0.6 0.0 0.0 0.0 0.0 0.1
850.0 0.0 0.0 0.0 0.0 0.0 -0.2
900.0 0.0 0.0 0.0 1.4 0.0 0.0
950.0 0.0 0.0 0.0 -1.4 0.0 0.0
1000.0 0.3 0.0 0.0 0.0 0.0 0.1
1050.0 0.3 0.0 0.0 0.0 0.0 0.1
1100.0 0.0 0.0 0.0 0.0 0.0 -0.2
1150.0 0.0 0.0 0.0 1.8 0.0 0.0
1200.0 0.0 -0.3 0.0 0.0 0.0 0.0
1250.0 0.0 0.0 0.0 0.0 0.0 0.0
1280.0 0.0 0.0 0.0 0.0 0.0 0.0
1290.0 0.0 0.0 0.0 0.0 0.0 0.0
1297.0 0.0 0.0 0.0 0.0 0.0 0.0
1299.0 0.0 0.0 0.0 0.0 0.0 0.0
1299.5 0.0 0.0 0.0 0.0 0.0 0.0
1299.8 0.0 0.0 0.0 0.0 0.0 0.0
1299.9 0.0 0.0 0.0 0.0 0.0 0.0
